id,name,mobile,email
1,John,9090909090,johnexample.com
2,alex,9090909092,alexexample.com
3,rolex,909090993,rolexexample.com
